7.873535156250000000e-02 3.990173339843750000e-03 4.341125488281250000e-03 4.493713378906250000e-03
1.045227050781250000e-03 1.772880554199218750e-03 1.721382141113281250e-03 5.261230468750000000e-02
1.141548156738281250e-03 4.833984375000000000e-02 5.955696105957031250e-04 1.146316528320312500e-03
6.923675537109375000e-04 8.459091186523437500e-04 5.731582641601562500e-04 2.484130859375000000e-02
1.229248046875000000e-01 3.139495849609375000e-03 4.798889160156250000e-03 3.417968750000000000e-03
0.000000000000000000e+00 0.000000000000000000e+00 0.000000000000000000e+00 0.000000000000000000e+00
2.740478515625000000e-02 2.837181091308593750e-05 1.764297485351562500e-05 1.943111419677734375e-05
0.000000000000000000e+00 0.000000000000000000e+00 0.000000000000000000e+00 0.000000000000000000e+00
5.714416503906250000e-03 5.287170410156250000e-03 6.820678710937500000e-03 2.338867187500000000e-01
2.041625976562500000e-02 3.879394531250000000e-01 1.904296875000000000e-02 2.212524414062500000e-02
2.888183593750000000e-01 3.982543945312500000e-03 4.745483398437500000e-03 3.467559814453125000e-03
0.000000000000000000e+00 0.000000000000000000e+00 0.000000000000000000e+00 0.000000000000000000e+00
0.000000000000000000e+00 0.000000000000000000e+00 0.000000000000000000e+00 0.000000000000000000e+00
3.405761718750000000e-02 4.589843750000000000e-02 2.885742187500000000e-01 3.598022460937500000e-02
7.482910156250000000e-02 8.378906250000000000e-01 7.830810546875000000e-02 9.020996093750000000e-02
0.000000000000000000e+00 0.000000000000000000e+00 0.000000000000000000e+00 0.000000000000000000e+00
